   6.3093078e-05
   1.3247019e-04
   2.3106484e-04
   3.2387973e-04
   3.4134832e-04
   3.5299864e-04
   3.8777848e-04
   4.5159419e-04
   3.5298121e-04
   3.4132906e-04
   3.6453978e-04
   2.8909301e-04
   2.5433060e-04
   2.1372560e-04
   3.4133777e-04
   2.8913567e-04
   1.3831278e-04
   1.2090107e-04
   1.9051488e-04
   1.4408381e-04
   1.7892925e-04
   2.6017411e-04
   3.1816375e-04
   2.9492505e-04
   2.6589697e-04
   2.7173359e-04
   2.9490762e-04
   3.2971544e-04
   3.1231061e-04
   3.5876783e-04
   3.8778719e-04
   2.0793623e-04
   5.1269831e-05
   1.0927186e-04
   1.3829719e-04
   1.3250689e-04
   2.3110933e-04
   2.3696247e-04
   1.4411087e-04
   2.8076543e-05
   6.8643009e-05
  -3.5841467e-05
   3.9607133e-05
  -1.8435721e-05
  -1.8416455e-05
  -9.7768198e-07
  -3.0033742e-05
   4.7662831e-06
   7.4426423e-05
   1.7890815e-04
   2.6014429e-04
   5.6181025e-04
   1.3451294e-03
   2.6912855e-03
   4.8612768e-03
   8.1335846e-03
   1.2525915e-02
   1.7939462e-02
   2.4246466e-02
   3.1261314e-02
   3.9094263e-02
   4.7374086e-02
   5.5717615e-02
   6.3956686e-02
   7.2021778e-02
   7.9669133e-02
   8.6620128e-02
   9.3101130e-02
   9.8990396e-02
   1.0421239e-01
   1.0891800e-01
   1.1315939e-01
   1.1715123e-01
   1.2078341e-01
   1.2381807e-01
   1.2627817e-01
   1.2815231e-01
   1.2950422e-01
   1.3015990e-01
   1.3021793e-01
   1.2952165e-01
   1.2818139e-01
   1.2627246e-01
   1.2389931e-01
   1.2114324e-01
   1.1810278e-01
   1.1483036e-01
   1.1154639e-01
   1.0834934e-01
   1.0511751e-01
   1.0205395e-01
   9.9164376e-02
   9.6390942e-02
   9.3750975e-02
   9.1348913e-02
   8.9144079e-02
   8.7084251e-02
   8.5262366e-02
   8.3492736e-02
   8.1937728e-02
   8.0516168e-02
   7.9135231e-02
   7.7963246e-02
   7.6866617e-02
   7.5822226e-02
   7.4737267e-02
   7.3721922e-02
   7.2613679e-02
   7.1540298e-02
   7.0565448e-02
   6.9712468e-02
   6.8697086e-02
   6.7797721e-02
   6.6939034e-02
   6.6138402e-02
   6.5262230e-02
   6.4507909e-02
   6.3684011e-02
   6.2889085e-02
   6.2076710e-02
   6.1368829e-02
   6.0608728e-02
   5.9755858e-02
   5.8966895e-02
   5.8299528e-02
   5.7487171e-02
   5.6657585e-02
   5.5868475e-02
   5.5218649e-02
   5.4644215e-02
   5.3860904e-02
   5.3112381e-02
   5.2450958e-02
   5.1714215e-02
   5.1081764e-02
   5.0397021e-02
   4.9729745e-02
   4.9219182e-02
   4.8563539e-02
   4.7878905e-02
   4.7304527e-02
   4.6596554e-02
   4.5946636e-02
   4.5360680e-02
   4.4670065e-02
   4.3962147e-02
   4.3364668e-02
   4.2825097e-02
   4.2157747e-02
   4.1600690e-02
   4.0962459e-02
   4.0335880e-02
   3.9935555e-02
   3.9326388e-02
   3.8635883e-02
   3.8119412e-02
   3.7690152e-02
   3.7185296e-02
   3.6663009e-02
   3.6100300e-02
   3.5642049e-02
   3.5264879e-02
   3.4713583e-02
   3.4139205e-02
   3.3709834e-02
   3.3181823e-02
   3.2740819e-02
   3.2410089e-02
   3.1945966e-02
   3.1377350e-02
   3.0953777e-02
   3.0565030e-02
   3.0164668e-02
   2.9781718e-02
   2.9369760e-02
   2.8951967e-02
   2.8702502e-02
   2.8157115e-02
   2.7640717e-02
   2.7431876e-02
   2.7112779e-02
   2.6607978e-02
   2.6195910e-02
   2.5876776e-02
   2.5400984e-02
   2.5029612e-02
   2.4588829e-02
   2.4194430e-02
   2.3910048e-02
   2.3457393e-02
   2.3132443e-02
   2.2813346e-02
   2.2534873e-02
   2.2192455e-02
   2.1971889e-02
   2.1710773e-02
   2.1484574e-02
   2.1246816e-02
   2.0956727e-02
   2.0596915e-02
   2.0196590e-02
   1.9935474e-02
   1.9622102e-02
   1.9245042e-02
   1.9059357e-02
   1.8722682e-02
   1.8438465e-02
   1.8258578e-02
   1.7997406e-02
   1.7742144e-02
   1.7568017e-02
   1.7330112e-02
   1.7098023e-02
   1.6923952e-02
   1.6662909e-02
   1.6442307e-02
   1.6268272e-02
   1.5925964e-02
   1.5635858e-02
   1.5258762e-02
   1.5148506e-02
   1.5125351e-02
   1.4968710e-02
   1.4684475e-02
   1.4359580e-02
   1.4121620e-02
   1.3947567e-02
   1.3796652e-02
   1.3436803e-02
   1.3216402e-02
   1.3111981e-02
   1.2856718e-02
   1.2554961e-02
   1.2218378e-02
   1.2189332e-02
   1.2102306e-02
   1.1783190e-02
   1.1614972e-02
   1.1510570e-02
   1.1237894e-02
   1.1127639e-02
   1.1040668e-02
   1.0889844e-02
   1.0715773e-02
   1.0501023e-02
   1.0442950e-02
   1.0263099e-02
   9.9729745e-03
   9.8511778e-03
   9.6886661e-03
   9.5784106e-03
   9.6364466e-03
   9.6248504e-03
   9.4913658e-03
   9.2824327e-03
   9.1720854e-03
   9.0386742e-03
   8.8994650e-03
   8.8356492e-03
   8.7602373e-03
   8.5978357e-03
   8.4237828e-03
   8.1626118e-03
   7.9885589e-03
   7.9711646e-03
   7.8608908e-03
   7.6288570e-03
   7.3272093e-03
   7.2692101e-03
   7.2112291e-03
   7.0604053e-03
   6.8746095e-03
   6.7353452e-03
   6.6773642e-03
   6.4916968e-03
   6.4163400e-03
   6.3930375e-03
   6.2362872e-03
   6.2420853e-03
   6.2944149e-03
   6.2712409e-03
   6.1900309e-03
   6.0333172e-03
   5.9810426e-03
   5.9056307e-03
   5.9114288e-03
   5.8244758e-03
   5.6039648e-03
   5.4936542e-03
   5.3195647e-03
   5.1397504e-03
   5.0585587e-03
   5.0701366e-03
   5.1049068e-03
   4.9599178e-03
   4.8496990e-03
   4.9134963e-03
   4.9134780e-03
   4.8322496e-03
   4.7973693e-03
   4.7392967e-03
   4.7277005e-03
   4.7509112e-03
   4.6233165e-03
   4.5189141e-03
   4.3506226e-03
   4.3158524e-03
   4.2869353e-03
   4.2288810e-03
   4.1475793e-03
   4.1243686e-03
   4.1708083e-03
   4.1185705e-03
   4.0837636e-03
   4.0489200e-03
   3.9793245e-03
   3.8864633e-03
   3.8168495e-03
   3.8517481e-03
   3.8168311e-03
   3.7123003e-03
   3.4048913e-03
   3.2250954e-03
   3.3701761e-03
   3.4397716e-03
   3.2076644e-03
   3.0741798e-03
   3.0683083e-03
   3.1843436e-03
   3.2134074e-03
   3.2192973e-03
   3.1845087e-03
   3.2308935e-03
   3.1322158e-03
   2.9872084e-03
   3.0859045e-03
   3.0220337e-03
   2.8770080e-03
   2.7784037e-03
   2.7899081e-03
   2.8188619e-03
   2.9639977e-03
   2.8944023e-03
   2.6855241e-03
   2.6739743e-03
   2.7726065e-03
   2.6391036e-03
   2.5810396e-03
   2.5984995e-03
   2.6971772e-03
   2.6217006e-03
   2.5579032e-03
   2.5462694e-03
   2.4243723e-03
   2.4128225e-03
   2.5288857e-03
   2.4708130e-03
   2.4360419e-03
   2.4534178e-03
   2.4244100e-03
   2.3432096e-03
   2.2387522e-03
   2.2910075e-03
   2.2503117e-03
   2.1110928e-03
   2.1633297e-03
   2.1227344e-03
   2.1574766e-03
   2.2212460e-03
   2.1458611e-03
   2.1342379e-03
   2.1284040e-03
   2.0122683e-03
   2.0297080e-03
   1.9021403e-03
   1.7629301e-03
   1.7338846e-03
   1.8615528e-03
   1.8151497e-03
   1.7339397e-03
   1.7571871e-03
   1.7339213e-03
   1.7164449e-03
   1.6526292e-03
   1.5424017e-03
   1.5888240e-03
   1.5888415e-03
   1.5714665e-03
   1.4902005e-03
   1.3973943e-03
   1.4612389e-03
   1.4031287e-03
   1.2464613e-03
   1.1129584e-03
   1.0142895e-03
   9.9694152e-04
   1.0376470e-03
   1.0608586e-03
   1.0666200e-03
   9.9690574e-04
   9.6209884e-04
   1.1477933e-03
   1.3160752e-03
   1.2696711e-03
   1.2058729e-03
   1.1884235e-03
   1.2116343e-03
   1.2696886e-03
   1.2406614e-03
   1.1187643e-03
   1.0549302e-03
   8.7510634e-04
   7.7067691e-04
   7.5324594e-04
   7.9960270e-04
   8.6925320e-04
   8.5185893e-04
   7.4741986e-04
   6.6628326e-04
   6.6046682e-04
   6.6626583e-04
   6.4884449e-04
   6.3720197e-04
   5.9661716e-04
   4.6903205e-04
   4.8641578e-04
   5.3279089e-04
   5.3860916e-04
   5.0377428e-04
   5.3861788e-04
   6.1995631e-04
   5.6186713e-04
   5.4446322e-04
   5.5025076e-04
   5.9658826e-04
   5.9079980e-04
   6.4298263e-04
   6.7779825e-04
   7.3584386e-04
   7.4736573e-04
   6.7779825e-04
   7.3582459e-04
   7.5322851e-04
   6.6620299e-04
   5.3279181e-04
   5.3869907e-04
   5.7935820e-04
   4.8640706e-04
   5.3274731e-04
   5.6759091e-04
   5.2119654e-04
   5.6186438e-04
   6.3145892e-04
   6.8364176e-04
   6.3141259e-04
   6.4884357e-04
   7.0688826e-04
   6.1405593e-04
   5.6184603e-04
   4.9222259e-04
   4.2254502e-04
   2.6585936e-04
   2.0208905e-04
   2.2530069e-04
   2.2525528e-04
   1.0922966e-04
   9.1889508e-05
   2.3696063e-04
   2.0206290e-04
   1.3824627e-04
   1.1505482e-04
   2.4268625e-04
   3.2976773e-04
   2.8917145e-04
   3.1818026e-04
   3.4719779e-04
   3.0654646e-04
   2.4270368e-04
   2.0792568e-04
   1.7887053e-04
   2.1367560e-04
   2.9499569e-04
   2.6596165e-04
   1.4990897e-04
   1.6154002e-04
   1.3253029e-04
   1.7314400e-04
   1.9053048e-04
   1.4409069e-04
   1.6144827e-04
   1.4987135e-04
   1.2673494e-04
   1.3253396e-04
   1.2665192e-04
   1.2664137e-04
   1.2663174e-04
   1.3251469e-04
   2.2344045e-05
   5.1288180e-05
   6.8653559e-05
   2.2231203e-05
   1.3833893e-04
   2.0796237e-04
   1.9633041e-04
   3.0658499e-04
   4.1100479e-04
   2.7167855e-04
   3.1811834e-04
   3.4135704e-04
   2.5424666e-04
   1.8465028e-04
   9.7633473e-05
  -5.3282993e-05
  -1.5196066e-04
  -1.4614514e-04
  -1.7510487e-04
  -2.6211112e-04
  -2.2147998e-04
  -1.6924301e-04
  -1.3445537e-04
  -1.8084975e-04
  -1.2865912e-04
  -9.3879275e-05
  -1.1702440e-04
  -6.4759455e-05
   2.8101772e-05
   9.1900976e-05
   6.8683376e-05
   2.8031130e-05
   1.0614834e-05
  -3.5812569e-05
  -4.7363342e-05
  -5.3189416e-05
   8.0214883e-05
   1.8470991e-04
   1.6144139e-04
   1.8458055e-04
   2.2520390e-04
   2.7172763e-04
   1.9055433e-04
   4.5415776e-05
   4.5368529e-05
  -3.5903393e-05
  -9.3938449e-05
  -1.4614055e-04
  -1.6935310e-04
  -2.6798536e-04
  -2.6797573e-04
  -2.2738816e-04
  -9.9765440e-05
  -1.7515716e-04
  -1.9835733e-04
  -4.7462882e-05
  -1.0519930e-06
   9.1781253e-05
  -4.1620294e-05
  -1.2284680e-04
  -7.0627272e-05
  -1.3447281e-04
   2.8012782e-05
   1.8469844e-04
   1.4988099e-04
   1.6142121e-04
   1.0514376e-05
  -5.9016407e-05
   7.4414038e-05
   1.3241515e-04
   1.0342285e-04
   9.1837215e-05
   1.2079098e-04
   1.5558642e-04
   5.6976182e-05
  -6.4875509e-05
  -1.5770967e-04
  -1.5771059e-04
  -1.0547271e-04
  -8.8079348e-05
   1.0579972e-05
   7.4441102e-05
   2.0794402e-04
   1.7891503e-04
   3.3825554e-05
  -3.5823119e-05
  -6.4832849e-05
  -1.2639463e-05
  -3.5782752e-05
   8.6104718e-05
   6.8637046e-05
   1.0921223e-04
   1.1508188e-04
   2.8047644e-05
   8.0258461e-05
   1.6732939e-04
   2.2537592e-04
   2.0795457e-04
   1.2671843e-04
   1.4413886e-04
   1.7890815e-04
   7.4477799e-05
   8.0256626e-05
   1.5567908e-04
   1.3831186e-04
   3.3837021e-05
   3.3809040e-05
   6.8669156e-05
  -1.8374713e-05
  -1.1709688e-04
  -2.2150796e-04
  -1.8663638e-04
  -1.1125245e-04
  -1.4023328e-04
  -1.5762756e-04
  -1.3444574e-04
  -2.3889444e-04
  -2.8530533e-04
  -2.3302295e-04
  -1.8090480e-04
  -2.2149144e-04
  -2.6205975e-04
  -3.8968935e-04
  -3.5493061e-04
  -2.6207901e-04
  -1.5762848e-04
  -9.3731571e-05
  -1.1697990e-04
  -7.6484997e-05
  -7.0667638e-05
  -1.0538876e-04
  -6.4763583e-05
   1.6471642e-05
   1.3246056e-04
   1.0335037e-04
   1.1501812e-04
   1.0926544e-04
   1.5565110e-04
   2.3689687e-04
   2.8322565e-04
   3.3548280e-04
   2.3685926e-04
   9.1860609e-05
   6.2815100e-05
   1.2077768e-04
   9.7538979e-05
   4.8158237e-06
  -6.4778721e-05
  -8.8014670e-05
  -5.3227030e-05
  -1.2567904e-05
  -1.2586253e-05
  -1.8385263e-05
  -3.5741927e-05
  -9.3784781e-05
  -2.0403249e-04
  -1.4018007e-04
  -1.2281194e-04
  -2.9690060e-04
  -2.7370455e-04
  -2.7949485e-04
  -3.4912105e-04
  -3.7813261e-04
  -4.5940453e-04
  -4.6519207e-04
  -4.2451552e-04
  -3.4327066e-04
  -4.1290190e-04
  -2.8522230e-04
  -1.5179094e-04
  -1.7506634e-04
  -1.9831375e-04
  -5.3197214e-05
   7.4460368e-05
   1.1510023e-04
  -2.9933284e-05
   3.3891149e-05
   1.9630931e-04
   1.6723765e-04
   2.4844673e-04
   3.4132539e-04
   2.9495211e-04
   3.0072314e-04
   3.4130796e-04
   3.1235419e-04
   2.7751059e-04
   2.7168727e-04
   2.3116713e-04
   2.3116438e-04
   2.3115474e-04
   2.6013557e-04
   1.9044057e-04
   1.8469844e-04
   2.2538463e-04
   2.6016447e-04
   2.7754132e-04
   2.1952278e-04
   1.0927691e-04
   1.2090795e-04
   1.6150240e-04
   1.0928379e-04
   8.6038205e-05
   3.3838856e-05
   4.8832541e-06
   3.3799407e-05
  -1.0545436e-04
  -7.6474447e-05
  -1.4607771e-04
  -1.9251566e-04
  -1.9827017e-04
  -1.8662766e-04
   3.3844819e-05
   1.0926544e-04
   1.3245781e-04
   1.0928379e-04
  -9.2263679e-07
   1.3252432e-04
   2.1376138e-04
   2.4276056e-04
   1.3246928e-04
   5.7012879e-05
   1.6147809e-04
   1.7885218e-04
   8.5990040e-05
  -1.4608734e-04
  -2.0405772e-04
  -4.7400039e-05
  -3.5840550e-05
  -5.3252259e-05
  -5.3251342e-05
  -1.1706798e-04
  -1.3447969e-04
  -3.5819449e-05
  -4.7425268e-05
  -8.2224375e-05
  -7.0574061e-05
  -1.1118869e-04
  -1.2278304e-04
  -5.8968243e-05
  -9.5153551e-07
   1.0645568e-05
   4.5462106e-05
   3.3839774e-05
  -1.0540620e-04
  -5.8983839e-05
  -2.4201245e-05
  -9.3853588e-05
  -9.3810010e-05
   1.6472559e-05
  -2.4130604e-05
  -1.2516070e-05
   4.5471739e-05
   8.0195617e-05
   7.4371378e-05
   2.2197258e-05
   3.3801242e-05
  -9.7768198e-07
   5.7049576e-05
   8.6057471e-05
  -4.1537268e-05
   1.0637769e-05
  -1.2609647e-05
  -1.0047459e-06
   7.4436056e-05
   1.0339074e-04
  -5.9106315e-05
  -6.8422877e-06
   4.7818792e-06
   8.0203415e-05
   1.7889072e-04
   1.4409436e-04
   4.7855489e-06
  -3.5784587e-05
   4.8676579e-06
   5.1235887e-05
   4.7837140e-06
   6.2847669e-05
   1.8476404e-04
   1.1512408e-04
   5.1291849e-05
   9.7728885e-05
   2.7760416e-04
   2.3120291e-04
   1.8479890e-04
   8.6175359e-05
   5.7094071e-05
   3.9653463e-05
  -4.7409672e-05
   3.3807205e-05
   2.4846600e-04
   4.3416322e-04
   5.0372887e-04
   4.5151713e-04
   5.3278309e-04
   4.6312570e-04
   3.7607037e-04
   4.4573051e-04
   3.9937375e-04
   3.3554839e-04
   2.9492321e-04
   2.8907971e-04
   2.7747664e-04
   2.1366368e-04
