  -6.0477532e-04
   1.1744084e-04
  -2.1161751e-05
  -6.8086074e-06
  -1.7598575e-04
  -2.5779716e-04
  -2.3897543e-04
  -2.2467763e-04
  -2.9769021e-04
  -1.5228156e-04
  -1.4663040e-04
  -2.4144637e-04
  -3.4507501e-04
  -1.7783530e-04
  -2.0280019e-04
  -1.3595844e-04
  -2.2645800e-04
  -2.6452430e-04
  -2.5452907e-04
  -2.8823745e-04
  -2.8697187e-04
  -3.0320711e-04
  -2.9759745e-04
  -2.9633188e-04
  -2.3397255e-04
  -9.7293548e-05
   4.8957834e-04
   1.7448984e-03
   4.0401542e-03
   7.6725691e-03
   1.2786231e-02
   1.9673908e-02
   2.8576116e-02
   3.9475049e-02
   5.2095621e-02
   6.6809246e-02
   8.2973602e-02
   1.0043575e-01
   1.1838290e-01
   1.3648739e-01
   1.5405000e-01
   1.7100084e-01
   1.8638741e-01
   2.0006551e-01
   2.1208749e-01
   2.2219125e-01
   2.3010581e-01
   2.3606712e-01
   2.3994422e-01
   2.4174574e-01
   2.4197417e-01
   2.4072140e-01
   2.3804415e-01
   2.3441427e-01
   2.2960457e-01
   2.2427493e-01
   2.1829423e-01
   2.1190716e-01
   2.0518794e-01
   1.9843817e-01
   1.9162291e-01
   1.8473769e-01
   1.7788739e-01
   1.7112018e-01
   1.6437915e-01
   1.5785663e-01
   1.5145642e-01
   1.4540580e-01
   1.3946875e-01
   1.3375897e-01
   1.2821520e-01
   1.2295113e-01
   1.1783993e-01
   1.1284677e-01
   1.0835168e-01
   1.0377800e-01
   9.9514528e-02
   9.5351582e-02
   9.1516381e-02
   8.7663605e-02
   8.4077440e-02
   8.0727249e-02
   7.7451270e-02
   7.4472484e-02
   7.1428112e-02
   6.8628499e-02
   6.5811374e-02
   6.3295702e-02
   6.0749472e-02
   5.8583417e-02
   5.6273166e-02
   5.4045988e-02
   5.1884222e-02
   4.9910374e-02
   4.8093851e-02
   4.6251209e-02
   4.4526425e-02
   4.3055187e-02
   4.1395948e-02
   3.9911512e-02
   3.8422760e-02
   3.6986482e-02
   3.5641942e-02
   3.4249313e-02
   3.2996372e-02
   3.1883424e-02
   3.0713712e-02
   2.9583151e-02
   2.8465804e-02
   2.7457681e-02
   2.6532551e-02
   2.5581316e-02
   2.4651718e-02
   2.3766017e-02
   2.2976426e-02
   2.2099386e-02
   2.1392650e-02
   2.0598687e-02
   1.9874520e-02
   1.9237870e-02
   1.8614267e-02
   1.7990774e-02
   1.7249119e-02
   1.6686651e-02
   1.6041175e-02
   1.5513778e-02
   1.5008101e-02
   1.4476332e-02
   1.3948879e-02
   1.3548110e-02
   1.3103638e-02
   1.2672322e-02
   1.2184187e-02
   1.1787803e-02
   1.1435041e-02
   1.1104206e-02
   1.0747293e-02
   1.0530095e-02
   1.0138029e-02
   9.7983947e-03
   9.4587889e-03
   9.2372062e-03
   8.9107152e-03
   8.7066473e-03
   8.4064562e-03
   8.0230634e-03
   7.8451980e-03
   7.4968626e-03
   7.2884088e-03
   6.9139534e-03
   6.7797502e-03
   6.5405560e-03
   6.3539610e-03
   6.0973765e-03
   5.8757660e-03
   5.8201989e-03
   5.6074429e-03
   5.4120627e-03
   5.1860671e-03
   5.0256609e-03
   4.9395053e-03
   4.6567461e-03
   4.5531035e-03
   4.3534070e-03
   4.2584525e-03
   4.0980053e-03
   3.9987899e-03
   3.8383839e-03
   3.7347691e-03
   3.6137088e-03
   3.5100248e-03
   3.4676283e-03
   3.3770872e-03
   3.1205582e-03
   3.0605917e-03
   3.0312550e-03
   2.9145527e-03
   2.8808443e-03
   2.7859591e-03
   2.6736008e-03
   2.6529800e-03
   2.4926156e-03
   2.3715138e-03
   2.4076841e-03
   2.2691784e-03
   2.1568063e-03
   2.0749810e-03
   1.9626227e-03
   1.9114827e-03
   1.8034823e-03
   1.7654852e-03
   1.7535802e-03
   1.7242297e-03
   1.7954017e-03
   1.6306378e-03
   1.5706298e-03
   1.5326327e-03
   1.5251132e-03
   1.5001484e-03
   1.4445536e-03
   1.4807931e-03
   1.2766282e-03
   1.3040965e-03
   1.2135278e-03
   1.1186704e-03
   1.0718882e-03
   1.1736763e-03
   1.0132011e-03
   1.1848818e-03
   1.1293285e-03
   1.0825325e-03
   9.7016040e-04
   8.7095887e-04
   9.9019236e-04
   9.7394331e-04
   9.7522272e-04
   7.6230046e-04
   8.2475664e-04
   8.4349533e-04
   7.9669939e-04
   6.8872668e-04
   7.0303834e-04
   7.1303358e-04
   7.1428531e-04
   6.8492099e-04
   6.1190839e-04
   6.0881607e-04
   6.2759629e-04
   6.6378051e-04
   5.6888151e-04
   6.3128238e-04
   6.7623773e-04
   7.4301029e-04
   7.5737729e-04
   7.7611599e-04
   7.4240761e-04
   6.9999725e-04
   7.5366844e-04
   6.4572340e-04
   7.5615809e-04
   6.2628515e-04
   6.4936795e-04
   6.2448605e-04
   6.8252900e-04
   6.2696188e-04
   5.7579417e-04
   4.4592123e-04
   2.9860282e-04
   4.1786403e-04
   3.1856562e-04
   3.9852261e-04
   4.0855934e-04
   4.0975575e-04
   3.2357259e-04
   3.4238048e-04
   4.4408553e-04
   4.7155392e-04
   4.1602829e-04
   5.3080708e-04
   3.5296944e-04
   3.4554686e-04
   2.7678151e-04
   3.3486594e-04
   2.3999463e-04
   2.8930790e-04
   2.3811254e-04
   2.6119534e-04
   2.4937335e-04
   1.8936532e-04
   1.9942973e-04
   2.6180289e-04
   1.9756147e-04
   2.1188694e-04
   1.2582830e-04
   2.1448727e-04
   1.3706144e-04
   3.0431498e-04
   1.8324087e-04
   1.7581830e-04
   1.2463677e-04
   2.0015284e-04
   1.8830318e-04
   1.7649503e-04
   2.0829365e-04
   9.1508274e-05
   1.6269410e-04
   1.0714083e-04
   3.0061101e-04
   3.0628984e-04
   4.2108243e-04
   2.4324481e-04
   2.3575307e-04
   2.2388957e-04
   2.2079724e-04
   2.7889550e-04
   2.1021316e-04
   2.5069993e-04
   1.6025571e-04
   1.3530465e-04
   1.6273152e-04
   1.5082653e-04
   1.4341779e-04
