  -1.4577615e-04
  -9.5191527e-05
  -4.8825336e-05
  -2.4558097e-06
   6.0012154e-06
   4.9809489e-06
   9.2262149e-06
   1.0313495e-05
   1.5609200e-05
   2.4066225e-05
   2.8308156e-05
   2.3076131e-05
   2.4160077e-05
   1.5763396e-05
   5.2591685e-06
   2.1280204e-06
   3.2086314e-06
  -3.0871718e-06
   1.1580942e-06
  -4.0806007e-06
  -5.1008672e-06
  -1.0342897e-05
  -1.1359829e-05
  -1.6591854e-05
  -1.6558347e-05
  -1.5477736e-05
  -1.0182032e-05
  -6.9905390e-06
  -3.8090506e-06
  -1.6713315e-06
  -1.6411592e-06
  -1.1088278e-05
  -1.5276535e-05
  -2.3669881e-05
  -2.5747255e-05
  -3.6251483e-05
  -4.1490178e-05
  -4.1460005e-05
  -4.2480272e-05
  -4.6665193e-05
  -4.2419927e-05
  -4.0275539e-05
  -4.4457126e-05
  -4.0218529e-05
  -3.9134583e-05
  -4.1211958e-05
  -4.4349776e-05
  -4.6427150e-05
  -5.4820496e-05
  -6.3220511e-05
  -6.2139900e-05
  -5.7891300e-05
  -5.2595595e-05
  -4.6246117e-05
  -4.2000851e-05
  -5.0394197e-05
  -5.0357355e-05
  -6.0858248e-05
  -6.3986061e-05
  -6.3952554e-05
  -5.7603076e-05
  -5.5478696e-05
  -4.5974567e-05
  -4.3843517e-05
  -3.2228506e-05
  -4.0628522e-05
  -4.4806774e-05
  -4.6874144e-05
  -5.0001957e-05
  -5.9452411e-05
  -5.4156707e-05
  -4.8857667e-05
  -5.0938377e-05
  -4.7746884e-05
  -5.4042687e-05
  -5.6113392e-05
  -6.5563846e-05
  -7.2903419e-05
  -8.0242991e-05
  -7.4943952e-05
  -7.1755794e-05
  -5.8033236e-05
  -4.7471999e-05
  -4.5330945e-05
  -3.6873920e-05
  -2.6312683e-05
  -3.4709364e-05
  -3.8897620e-05
  -3.2561481e-05
  -2.9363319e-05
  -3.6706226e-05
  -3.1410521e-05
  -2.8219029e-05
  -3.0289734e-05
  -3.4471321e-05
  -3.3390710e-05
  -3.9679843e-05
  -3.8592563e-05
  -3.8562391e-05
  -3.8542223e-05
  -3.5344061e-05
  -2.8994582e-05
  -3.3176169e-05
  -3.7357756e-05
  -4.6801541e-05
  -4.9939358e-05
  -6.1490689e-05
  -6.5678946e-05
  -6.1430345e-05
  -5.9292626e-05
  -5.8198676e-05
  -4.9744986e-05
  -4.2341734e-05
  -5.0745084e-05
  -5.0714912e-05
  -6.2269578e-05
  -7.6982230e-05
  -8.2210921e-05
  -8.1123640e-05
  -8.3201015e-05
  -8.3177512e-05
  -7.2619610e-05
  -7.4693649e-05
  -6.5186186e-05
  -5.8840042e-05
  -4.7225032e-05
  -4.4033539e-05
  -3.5579849e-05
  -3.8710997e-05
  -3.9734598e-05
  -4.2865746e-05
  -3.4412056e-05
  -3.5442326e-05
  -2.8042410e-05
  -2.8012237e-05
  -3.4304706e-05
  -4.2701386e-05
  -4.6879638e-05
  -5.4219211e-05
  -5.8400798e-05
  -4.8883330e-05
  -4.5688502e-05
  -3.8291920e-05
  -3.9312187e-05
  -3.5070255e-05
  -3.7147630e-05
  -3.8174566e-05
  -3.3929300e-05
  -3.1788246e-05
  -2.8590084e-05
  -3.2771671e-05
  -3.0630617e-05
  -3.5865977e-05
  -3.0576942e-05
  -3.0550105e-05
  -3.1570371e-05
  -3.9963717e-05
  -4.0980649e-05
  -4.2004250e-05
  -5.2505143e-05
  -5.4585852e-05
  -5.6663227e-05
  -5.9797709e-05
  -7.1349041e-05
  -6.1831573e-05
  -5.8636746e-05
  -5.6505696e-05
  -5.3314203e-05
  -5.5384909e-05
  -6.0630273e-05
  -6.3761421e-05
  -6.5835461e-05
  -6.1596864e-05
  -5.1035627e-05
  -4.2585272e-05
  -2.6758502e-05
  -2.3563675e-05
  -3.4057898e-05
  -4.0350366e-05
  -4.7689939e-05
  -6.1352152e-05
  -6.4479965e-05
  -6.7611113e-05
  -6.5480064e-05
  -6.5449891e-05
  -6.4369280e-05
  -5.8026472e-05
  -5.4838314e-05
  -5.7962792e-05
  -6.4245257e-05
  -6.9477282e-05
  -7.1551322e-05
  -6.8363164e-05
  -5.7801927e-05
  -5.0405345e-05
  -3.6689457e-05
  -3.7709723e-05
  -4.3992188e-05
  -5.1335095e-05
  -5.2352026e-05
  -6.9172225e-05
  -6.7034506e-05
  -6.2795909e-05
  -6.1715298e-05
  -5.9580914e-05
  -5.7436525e-05
  -6.0571008e-05
  -5.8439959e-05
  -6.2614876e-05
  -7.4169542e-05
  -7.3085596e-05
  -7.2001651e-05
  -8.1442101e-05
  -8.2469036e-05
  -6.8756483e-05
  -5.9252354e-05
  -5.5007088e-05
  -5.0765157e-05
  -4.8634107e-05
  -6.0182104e-05
  -7.1733435e-05
  -7.5918357e-05
  -7.1683095e-05
  -7.1646253e-05
  -6.9508534e-05
  -6.8431258e-05
  -6.4189327e-05
  -7.2576003e-05
  -7.5703816e-05
  -7.8838299e-05
  -7.1428378e-05
  -8.2983044e-05
  -8.4009980e-05
  -7.8717610e-05
  -7.5529452e-05
  -8.1821921e-05
  -7.5475777e-05
  -6.8072526e-05
  -6.2773486e-05
  -6.0635767e-05
  -5.6397171e-05
  -5.3202343e-05
  -4.8960412e-05
  -4.5772254e-05
  -4.5738747e-05
  -3.9385934e-05
  -3.8308658e-05
  -3.5120500e-05
  -3.5093663e-05
  -2.6636638e-05
  -2.3451815e-05
  -1.7095667e-05
  -5.4706523e-06
   1.1409891e-05
   3.1451754e-05
   5.0443179e-05
   6.4159067e-05
   7.2609423e-05
   8.6338650e-05
   1.0533341e-04
   1.1800886e-04
   1.4227582e-04
   1.6653278e-04
   1.9078640e-04
   2.1503336e-04
   2.4560295e-04
   2.8354229e-04
   3.2043452e-04
   3.4890324e-04
   3.7843240e-04
   4.2059350e-04
   4.5749240e-04
   5.0492571e-04
   5.5235234e-04
   6.1451846e-04
   6.6194510e-04
   7.0726419e-04
   7.6732610e-04
   8.3792241e-04
   8.9903809e-04
   9.7384616e-04
   1.0623433e-03
   1.1308320e-03
   1.2056401e-03
   1.2878246e-03
   1.3700158e-03
   1.4585295e-03
   1.5533593e-03
   1.6481824e-03
   1.7440559e-03
   1.8494101e-03
   1.9537038e-03
   2.0674782e-03
   2.1781012e-03
   2.2992653e-03
   2.4235774e-03
   2.5500070e-03
   2.6753729e-03
   2.8123269e-03
   2.9471700e-03
   3.0820165e-03
   3.2189639e-03
   3.3685632e-03
   3.5234180e-03
   3.6772224e-03
   3.8447192e-03
   4.0153739e-03
   4.1849716e-03
   4.3651137e-03
   4.5557801e-03
   4.7422348e-03
   4.9350088e-03
   5.1372635e-03
   5.3342492e-03
   5.5386081e-03
   5.7419165e-03
   5.9578668e-03
   6.1801398e-03
   6.4087354e-03
   6.6415428e-03
   6.8880393e-03
   7.1271560e-03
   7.3704811e-03
   7.6148566e-03
   7.8655648e-03
   8.1278479e-03
   8.3975140e-03
   8.6661230e-03
   8.9515924e-03
   9.2317829e-03
   9.5151381e-03
   9.8006041e-03
   1.0092386e-02
   1.0378889e-02
   1.0674876e-02
   1.0972984e-02
   1.1276345e-02
   1.1581826e-02
   1.1896781e-02
   1.2225428e-02
   1.2557224e-02
   1.2897452e-02
   1.3245048e-02
   1.3593710e-02
   1.3936047e-02
   1.4284712e-02
   1.4644960e-02
   1.4998884e-02
   1.5363333e-02
   1.5730950e-02
   1.6103823e-02
   1.6473541e-02
   1.6860119e-02
   1.7243533e-02
   1.7626950e-02
   1.8009320e-02
   1.8394844e-02
   1.8787728e-02
   1.9179572e-02
   1.9590364e-02
   2.0000109e-02
   2.0410904e-02
   2.0821709e-02
   2.1250418e-02
   2.1664388e-02
   2.2094144e-02
   2.2511265e-02
   2.2941021e-02
   2.3358139e-02
   2.3784731e-02
   2.4209218e-02
   2.4648452e-02
   2.5075047e-02
   2.5509011e-02
   2.5936660e-02
   2.6362208e-02
   2.6793018e-02
   2.7225936e-02
   2.7658857e-02
   2.8094939e-02
   2.8535230e-02
   2.8974470e-02
   2.9406341e-02
   2.9844524e-02
   3.0282710e-02
   3.0723004e-02
   3.1162241e-02
   3.1604640e-02
   3.2038611e-02
   3.2469421e-02
   3.2899171e-02
   3.3327877e-02
   3.3756572e-02
   3.4173683e-02
   3.4597114e-02
   3.5007912e-02
   3.5426080e-02
   3.5852685e-02
   3.6279287e-02
   3.6704838e-02
   3.7132494e-02
   3.7556991e-02
   3.7965685e-02
   3.8385971e-02
   3.8797820e-02
   3.9205460e-02
   3.9609939e-02
   4.0016519e-02
   4.0418884e-02
   4.0814933e-02
   4.1218355e-02
   4.1609138e-02
   4.1992555e-02
   4.2359122e-02
   4.2735166e-02
   4.3097521e-02
   4.3463027e-02
   4.3829590e-02
   4.4204570e-02
   4.4565868e-02
   4.4927162e-02
   4.5277929e-02
   4.5626578e-02
   4.5959444e-02
   4.6291249e-02
   4.6615678e-02
   4.6940114e-02
   4.7262445e-02
   4.7581609e-02
   4.7907095e-02
   4.8224158e-02
   4.8537002e-02
   4.8840365e-02
   4.9144786e-02
   4.9434460e-02
   4.9719923e-02
   5.0009597e-02
   5.0285583e-02
   5.0573157e-02
   5.0847031e-02
   5.1121956e-02
   5.1380034e-02
   5.1645478e-02
   5.1891965e-02
   5.2146885e-02
   5.2390223e-02
   5.2637767e-02
   5.2872675e-02
   5.3110745e-02
   5.3334068e-02
   5.3557385e-02
   5.3775439e-02
   5.3981909e-02
   5.4182056e-02
   5.4384311e-02
   5.4580246e-02
   5.4764593e-02
   5.4952102e-02
   5.5131180e-02
   5.5294462e-02
   5.5465126e-02
   5.5628408e-02
   5.5792747e-02
   5.5947602e-02
   5.6103510e-02
   5.6242562e-02
   5.6380570e-02
   5.6509094e-02
   5.6642900e-02
   5.6774585e-02
   5.6902052e-02
   5.7015833e-02
   5.7122247e-02
   5.7221282e-02
   5.7309789e-02
   5.7401461e-02
   5.7491018e-02
   5.7592161e-02
   5.7673285e-02
   5.7758627e-02
   5.7836593e-02
   5.7904032e-02
   5.7958831e-02
   5.8013635e-02
   5.8056853e-02
   5.8093748e-02
   5.8140128e-02
   5.8175963e-02
   5.8206539e-02
   5.8242374e-02
   5.8270836e-02
   5.8297188e-02
   5.8320387e-02
   5.8344634e-02
   5.8359407e-02
   5.8376291e-02
   5.8376325e-02
   5.8371093e-02
   5.8365854e-02
   5.8353246e-02
   5.8325898e-02
   5.8309077e-02
   5.8285941e-02
   5.8259650e-02
   5.8235467e-02
   5.8214435e-02
   5.8183926e-02
   5.8154461e-02
   5.8110249e-02
   5.8066031e-02
   5.8023926e-02
   5.7969184e-02
   5.7917606e-02
   5.7871303e-02
   5.7811302e-02
   5.7741813e-02
   5.7680747e-02
   5.7607057e-02
   5.7531249e-02
   5.7461770e-02
   5.7378599e-02
   5.7298582e-02
   5.7213290e-02
   5.7132216e-02
   5.7047984e-02
   5.6970079e-02
   5.6886911e-02
   5.6794259e-02
   5.6699496e-02
   5.6602626e-02
   5.6503645e-02
   5.6387813e-02
   5.6296208e-02
   5.6184592e-02
   5.6066656e-02
   5.5953986e-02
   5.5845527e-02
   5.5711795e-02
   5.5591758e-02
   5.5472769e-02
   5.5344305e-02
   5.5213738e-02
   5.5097903e-02
   5.4982075e-02
   5.4853611e-02
   5.4729359e-02
   5.4606158e-02
   5.4468221e-02
   5.4326058e-02
   5.4200746e-02
   5.4059641e-02
   5.3920639e-02
   5.3787954e-02
   5.3644744e-02
   5.3489947e-02
   5.3341468e-02
   5.3202473e-02
   5.3053995e-02
   5.2910785e-02
   5.2767576e-02
   5.2618040e-02
   5.2463242e-02
   5.2312659e-02
   5.2162063e-02
   5.2000946e-02
   5.1854572e-02
   5.1694509e-02
   5.1536549e-02
   5.1377543e-02
   5.1237498e-02
   5.1078489e-02
   5.0922637e-02
   5.0766785e-02
   5.0606725e-02
   5.0440336e-02
   5.0277111e-02
   5.0117048e-02
   4.9951716e-02
   4.9790592e-02
   4.9625260e-02
   4.9458877e-02
   4.9293542e-02
   4.9133478e-02
   4.8971311e-02
   4.8808089e-02
   4.8650127e-02
   4.8494279e-02
   4.8325782e-02
   4.8166772e-02
   4.8001440e-02
   4.7831899e-02
   4.7659197e-02
   4.7498090e-02
   4.7326442e-02
   4.7153740e-02
   4.7002100e-02
   4.6840983e-02
   4.6673543e-02
   4.6513480e-02
   4.6351309e-02
   4.6189138e-02
   4.6032223e-02
   4.5878482e-02
   4.5711042e-02
   4.5548868e-02
   4.5382489e-02
   4.5205578e-02
   4.5033923e-02
   4.4866487e-02
   4.4703269e-02
   4.4529510e-02
   4.4361020e-02
   4.4192533e-02
   4.4027204e-02
   4.3861872e-02
   4.3697593e-02
   4.3538580e-02
   4.3371140e-02
   4.3210020e-02
   4.3044688e-02
   4.2878302e-02
   4.2707711e-02
   4.2546590e-02
   4.2386524e-02
   4.2226460e-02
   4.2065343e-02
   4.1911592e-02
   4.1748374e-02
   4.1576723e-02
   4.1410340e-02
   4.1247122e-02
   4.1072313e-02
   4.0909088e-02
   4.0747971e-02
   4.0584743e-02
   4.0414142e-02
   4.0253031e-02
   4.0090857e-02
   3.9929740e-02
   3.9773892e-02
   3.9622252e-02
   3.9462185e-02
   3.9305283e-02
   3.9149431e-02
   3.8989365e-02
   3.8833513e-02
   3.8683981e-02
   3.8528133e-02
   3.8368069e-02
   3.8210110e-02
   3.8050050e-02
   3.7892088e-02
   3.7737290e-02
   3.7582489e-02
   3.7428748e-02
   3.7270792e-02
   3.7115994e-02
   3.6963301e-02
   3.6801136e-02
   3.6653708e-02
   3.6507334e-02
   3.6355698e-02
   3.6200900e-02
   3.6060845e-02
   3.5914474e-02
   3.5761780e-02
   3.5621728e-02
   3.5482727e-02
   3.5334249e-02
   3.5188932e-02
   3.5048880e-02
   3.4904613e-02
   3.4752973e-02
   3.4616083e-02
   3.4471816e-02
   3.4334926e-02
   3.4198035e-02
   3.4062192e-02
   3.3913714e-02
   3.3768390e-02
   3.3617804e-02
   3.3469332e-02
   3.3333502e-02
   3.3200820e-02
   3.3050244e-02
   3.2917565e-02
   3.2784877e-02
   3.2641664e-02
   3.2504773e-02
   3.2376293e-02
   3.2241507e-02
   3.2094082e-02
   3.1959290e-02
   3.1824500e-02
   3.1692882e-02
   3.1552827e-02
   3.1428575e-02
   3.1293789e-02
   3.1163215e-02
   3.1031587e-02
   3.0905227e-02
   3.0774653e-02
   3.0647240e-02
   3.0522978e-02
   3.0393458e-02
   3.0260776e-02
   3.0132309e-02
   3.0008057e-02
   2.9875385e-02
   2.9749029e-02
   2.9636366e-02
   2.9506838e-02
   2.9377314e-02
   2.9253063e-02
   2.9128808e-02
   2.9002442e-02
   2.8881351e-02
   2.8761318e-02
   2.8634959e-02
   2.8523339e-02
   2.8404353e-02
   2.8292746e-02
   2.8179022e-02
   2.8065302e-02
   2.7931576e-02
   2.7811543e-02
   2.7687278e-02
   2.7560922e-02
   2.7437717e-02
   2.7327154e-02
   2.7200792e-02
   2.7086027e-02
   2.6974407e-02
   2.6865959e-02
   2.6755396e-02
   2.6651160e-02
   2.6541644e-02
   2.6441609e-02
   2.6331046e-02
   2.6227857e-02
   2.6117287e-02
   2.6006725e-02
   2.5886688e-02
   2.5782445e-02
   2.5662401e-02
   2.5551835e-02
   2.5447592e-02
   2.5339140e-02
   2.5220147e-02
   2.5113806e-02
   2.5014839e-02
   2.4904283e-02
   2.4797928e-02
   2.4702118e-02
   2.4606302e-02
   2.4497843e-02
   2.4393600e-02
   2.4295683e-02
   2.4185120e-02
   2.4081930e-02
   2.3987164e-02
   2.3892405e-02
   2.3794484e-02
   2.3703930e-02
   2.3606002e-02
   2.3504924e-02
   2.3401731e-02
   2.3296430e-02
   2.3192194e-02
   2.3089014e-02
   2.2983720e-02
   2.2885803e-02
   2.2791047e-02
   2.2695227e-02
   2.2594138e-02
   2.2498322e-02
   2.2406720e-02
   2.2314065e-02
   2.2224574e-02
   2.2143504e-02
   2.2059276e-02
   2.1973987e-02
   2.1879217e-02
   2.1793935e-02
   2.1692850e-02
   2.1589657e-02
   2.1491733e-02
   2.1404347e-02
   2.1300103e-02
   2.1210613e-02
   2.1130596e-02
   2.1043216e-02
   2.0953716e-02
   2.0874750e-02
   2.0791568e-02
   2.0704182e-02
   2.0612574e-02
   2.0523080e-02
   2.0437795e-02
   2.0352516e-02
   2.0266180e-02
   2.0188271e-02
   2.0106153e-02
   2.0018764e-02
   1.9938744e-02
   1.9860828e-02
   1.9785023e-02
   1.9708168e-02
   1.9624993e-02
   1.9541819e-02
   1.9458644e-02
   1.9374409e-02
   1.9294386e-02
   1.9222793e-02
   1.9145938e-02
   1.9064871e-02
   1.8981693e-02
   1.8905881e-02
   1.8823764e-02
   1.8744798e-02
   1.8668996e-02
   1.8597406e-02
   1.8533196e-02
   1.8471081e-02
   1.8401595e-02
   1.8330002e-02
   1.8256305e-02
   1.8175228e-02
   1.8093107e-02
   1.8019416e-02
   1.7950984e-02
   1.7877291e-02
   1.7802543e-02
   1.7725677e-02
   1.7654071e-02
   1.7581424e-02
   1.7507730e-02
   1.7435087e-02
   1.7364551e-02
   1.7297179e-02
   1.7217163e-02
   1.7143469e-02
   1.7076098e-02
   1.7011888e-02
   1.6940298e-02
   1.6878182e-02
   1.6815013e-02
   1.6747635e-02
   1.6677099e-02
   1.6609721e-02
   1.6542339e-02
   1.6477066e-02
   1.6405472e-02
   1.6341252e-02
   1.6268609e-02
   1.6203345e-02
   1.6129645e-02
   1.6066475e-02
   1.6000157e-02
   1.5935941e-02
   1.5863294e-02
   1.5803289e-02
   1.5741180e-02
   1.5675896e-02
   1.5620100e-02
   1.5565367e-02
   1.5507470e-02
   1.5437984e-02
   1.5380083e-02
   1.5316917e-02
   1.5256912e-02
   1.5185326e-02
   1.5132697e-02
   1.5070588e-02
   1.5012691e-02
   1.4948464e-02
   1.4893718e-02
   1.4823176e-02
   1.4758952e-02
   1.4696843e-02
   1.4643164e-02
   1.4595801e-02
   1.4547378e-02
   1.4500012e-02
   1.4444215e-02
   1.4391573e-02
   1.4330518e-02
   1.4276842e-02
   1.4223160e-02
   1.4171575e-02
   1.4121054e-02
   1.4070524e-02
   1.4012619e-02
   1.3949460e-02
   1.3891573e-02
   1.3825248e-02
   1.3763136e-02
   1.3711551e-02
   1.3662074e-02
   1.3607335e-02
   1.3564187e-02
   1.3503131e-02
   1.3447345e-02
   1.3389448e-02
   1.3334695e-02
   1.3277835e-02
   1.3235731e-02
   1.3180998e-02
   1.3127319e-02
   1.3083127e-02
   1.3027344e-02
   1.2974709e-02
   1.2925225e-02
   1.2874684e-02
   1.2810464e-02
   1.2757829e-02
   1.2708362e-02
   1.2652575e-02
   1.2605216e-02
   1.2566273e-02
   1.2506268e-02
   1.2452583e-02
   1.2409425e-02
   1.2359958e-02
   1.2312591e-02
   1.2274712e-02
   1.2218919e-02
   1.2169449e-02
   1.2125234e-02
   1.2073649e-02
   1.2030488e-02
   1.1994703e-02
   1.1944175e-02
   1.1898927e-02
   1.1852624e-02
   1.1808419e-02
   1.1763160e-02
   1.1724221e-02
   1.1673680e-02
   1.1639993e-02
   1.1592630e-02
   1.1547378e-02
   1.1497911e-02
   1.1462139e-02
   1.1410571e-02
   1.1364252e-02
   1.1318983e-02
   1.1281087e-02
   1.1232664e-02
   1.1185298e-02
   1.1148476e-02
   1.1113758e-02
   1.1072721e-02
   1.1035896e-02
   1.0994846e-02
   1.0943254e-02
   1.0905359e-02
   1.0857986e-02
   1.0806398e-02
   1.0764297e-02
   1.0732731e-02
   1.0684317e-02
   1.0656973e-02
   1.0626463e-02
   1.0591736e-02
   1.0551749e-02
   1.0520179e-02
   1.0481230e-02
   1.0445445e-02
   1.0412828e-02
   1.0378101e-02
   1.0333896e-02
   1.0290744e-02
   1.0257081e-02
   1.0218141e-02
   1.0185521e-02
   1.0148682e-02
   1.0108686e-02
   1.0065515e-02
   1.0021310e-02
   9.9781552e-03
   9.9392225e-03
   9.9118745e-03
   9.8718913e-03
   9.8361099e-03
   9.8013789e-03
   9.7666445e-03
   9.7298026e-03
   9.6940178e-03
   9.6603373e-03
   9.6203440e-03
   9.5824617e-03
   9.5340517e-03
   9.4930147e-03
   9.4572432e-03
   9.4267340e-03
   9.3877912e-03
   9.3625375e-03
   9.3309645e-03
   9.2951730e-03
   9.2614924e-03
   9.2278252e-03
   9.1920504e-03
   9.1604907e-03
   9.1331428e-03
   9.0910554e-03
   9.0594890e-03
   9.0216000e-03
   8.9889732e-03
   8.9510842e-03
   8.9152894e-03
   8.8889753e-03
   8.8542443e-03
   8.8205637e-03
   8.7837285e-03
   8.7542697e-03
   8.7153369e-03
   8.6816663e-03
   8.6522142e-03
   8.6206545e-03
   8.5911990e-03
   8.5575251e-03
   8.5280563e-03
   8.4922648e-03
   8.4564734e-03
   8.4196315e-03
   8.3901627e-03
   8.3512399e-03
   8.3133642e-03
   8.2807508e-03
   8.2555171e-03
   8.2208027e-03
   8.1955423e-03
   8.1650231e-03
   8.1323996e-03
   8.0945006e-03
   8.0671394e-03
   8.0387310e-03
   8.0124268e-03
   7.9766487e-03
   7.9535059e-03
   7.9240471e-03
   7.9019547e-03
   7.8714487e-03
   7.8535748e-03
   7.8230722e-03
   7.7988822e-03
   7.7694301e-03
   7.7452302e-03
   7.7136571e-03
   7.6852388e-03
   7.6505011e-03
   7.6031315e-03
   7.5673533e-03
   7.5421130e-03
   7.5105533e-03
   7.4884742e-03
   7.4684960e-03
   7.4527296e-03
   7.4274792e-03
   7.4032893e-03
   7.3790960e-03
   7.3591111e-03
   7.3254372e-03
   7.3012406e-03
   7.2770373e-03
   7.2444105e-03
   7.2128408e-03
   7.1875905e-03
   7.1570779e-03
   7.1307770e-03
   7.1055300e-03
   7.0823905e-03
   7.0539821e-03
   7.0276846e-03
   6.9971720e-03
   6.9645519e-03
   6.9371973e-03
   6.9056310e-03
   6.8866999e-03
   6.8614495e-03
   6.8456797e-03
   6.8204293e-03
   6.7972865e-03
   6.7646597e-03
   6.7520446e-03
   6.7278480e-03
   6.7026009e-03
   6.6784110e-03
   6.6521135e-03
   6.6184496e-03
   6.5868832e-03
   6.5658513e-03
   6.5469202e-03
   6.5364193e-03
   6.5111656e-03
   6.4817001e-03
   6.4564531e-03
   6.4406833e-03
   6.4164900e-03
   6.3954547e-03
   6.3765303e-03
   6.3597068e-03
   6.3323522e-03
   6.3049943e-03
   6.2808043e-03
   6.2650412e-03
   6.2334782e-03
   6.2113958e-03
   6.1840445e-03
   6.1661672e-03
   6.1409135e-03
   6.1188211e-03
   6.0914598e-03
   6.0704179e-03
   6.0514901e-03
   6.0220280e-03
   6.0030969e-03
   5.9810045e-03
   5.9631305e-03
   5.9420952e-03
   5.9294868e-03
   5.9116128e-03
   5.8905875e-03
   5.8611354e-03
   5.8358884e-03
   5.8116984e-03
   5.7927707e-03
   5.7738396e-03
   5.7580665e-03
   5.7286043e-03
   5.7149355e-03
   5.6938968e-03
   5.6749691e-03
   5.6591993e-03
   5.6465909e-03
   5.6213505e-03
   5.5950564e-03
   5.5750782e-03
   5.5582546e-03
   5.5382798e-03
   5.5277756e-03
   5.5077940e-03
   5.4941252e-03
   5.4646697e-03
   5.4531117e-03
   5.4257604e-03
   5.4099940e-03
   5.3784310e-03
   5.3584494e-03
   5.3268764e-03
   5.3100496e-03
   5.2847958e-03
   5.2721774e-03
   5.2637774e-03
   5.2480109e-03
   5.2290832e-03
   5.2175185e-03
   5.1975403e-03
   5.1691320e-03
   5.1565235e-03
   5.1354849e-03
   5.1123487e-03
   5.1007941e-03
   5.0934545e-03
   5.0660966e-03
   5.0513839e-03
   5.0387821e-03
   5.0103704e-03
   4.9798579e-03
   4.9651452e-03
   4.9430595e-03
   4.9293973e-03
   4.9189030e-03
   4.9031333e-03
   4.8778829e-03
   4.8536829e-03
   4.8284292e-03
   4.8137066e-03
   4.8010915e-03
   4.7905906e-03
   4.7822006e-03
   4.7664308e-03
   4.7411871e-03
   4.7212089e-03
   4.7054425e-03
   4.6938811e-03
   4.6791718e-03
   4.6676138e-03
   4.6539516e-03
   4.6371314e-03
   4.6182170e-03
   4.5992892e-03
   4.5856337e-03
   4.5698673e-03
   4.5509362e-03
   4.5298909e-03
   4.5225447e-03
   4.5078220e-03
   4.4962673e-03
   4.4868169e-03
   4.4731547e-03
   4.4594925e-03
   4.4405614e-03
   4.4216303e-03
   4.4048101e-03
   4.3953630e-03
   4.3753881e-03
   4.3596284e-03
   4.3396535e-03
   4.3365290e-03
   4.3228702e-03
   4.3007811e-03
   4.2818567e-03
   4.2681911e-03
   4.2408299e-03
   4.2113677e-03
   4.1976988e-03
   4.1861408e-03
   4.1672064e-03
   4.1577593e-03
   4.1483055e-03
   4.1367542e-03
   4.1209778e-03
   4.1062584e-03
   4.0883811e-03
   4.0768265e-03
   4.0610534e-03
   4.0473945e-03
   4.0421625e-03
   4.0221810e-03
   3.9979877e-03
   3.9801170e-03
   3.9590817e-03
   3.9369960e-03
   3.9296531e-03
   3.9244144e-03
   3.9139035e-03
   3.9002413e-03
   3.8876295e-03
   3.8665942e-03
   3.8466161e-03
   3.8319134e-03
   3.8224696e-03
   3.8077536e-03
   3.7983032e-03
   3.7899032e-03
   3.7762343e-03
   3.7636225e-03
   3.7510174e-03
   3.7394694e-03
   3.7289652e-03
   3.7121450e-03
   3.7026945e-03
   3.6858743e-03
   3.6690475e-03
   3.6606541e-03
   3.6606809e-03
   3.6406961e-03
   3.6344036e-03
   3.6175801e-03
   3.5997028e-03
   3.5849901e-03
   3.5734355e-03
   3.5587228e-03
   3.5429631e-03
   3.5356235e-03
   3.5209108e-03
   3.5072486e-03
   3.4956940e-03
   3.4894015e-03
   3.4767897e-03
   3.4589124e-03
   3.4473544e-03
   3.4379073e-03
   3.4252988e-03
   3.4105929e-03
   3.4000920e-03
   3.3938095e-03
   3.3738213e-03
   3.3622633e-03
   3.3496549e-03
   3.3402078e-03
   3.3307573e-03
   3.3255286e-03
   3.3181890e-03
   3.3076815e-03
   3.2961235e-03
   3.2771924e-03
   3.2708999e-03
   3.2656612e-03
   3.2530561e-03
   3.2362259e-03
   3.2352023e-03
   3.2268023e-03
   3.2120797e-03
   3.2068343e-03
   3.2016023e-03
   3.1858425e-03
   3.1763954e-03
   3.1585248e-03
   3.1406474e-03
   3.1343550e-03
   3.1259483e-03
   3.1017584e-03
   3.1007381e-03
   3.0997212e-03
   3.0829043e-03
   3.0692521e-03
   3.0650605e-03
   3.0545596e-03
   3.0314201e-03
   3.0209125e-03
   3.0167276e-03
   3.0009645e-03
   2.9883527e-03
   2.9810065e-03
   2.9757745e-03
   2.9526316e-03
   2.9484501e-03
   2.9368987e-03
   2.9295591e-03
   2.9148498e-03
   2.9148800e-03
   2.8980565e-03
   2.8907102e-03
   2.8707287e-03
   2.8612783e-03
   2.8497169e-03
   2.8455353e-03
   2.8413537e-03
   2.8445386e-03
   2.8308697e-03
   2.8277419e-03
   2.8225032e-03
   2.8077839e-03
   2.7909603e-03
   2.7846712e-03
   2.7678510e-03
   2.7636661e-03
   2.7563232e-03
   2.7479298e-03
   2.7437516e-03
   2.7374591e-03
   2.7164271e-03
   2.7048691e-03
   2.7027884e-03
   2.7017648e-03
   2.6881059e-03
   2.6849748e-03
   2.6765781e-03
   2.6702923e-03
   2.6555797e-03
   2.6556032e-03
   2.6524754e-03
   2.6388231e-03
   2.6156903e-03
   2.6062399e-03
   2.5999607e-03
   2.5915707e-03
   2.5905471e-03
   2.5937319e-03
   2.5853419e-03
   2.5716864e-03
   2.5601284e-03
   2.5527821e-03
   2.5549199e-03
   2.5486307e-03
   2.5518189e-03
   2.5434255e-03
   2.5381935e-03
   2.5255884e-03
   2.5150808e-03
   2.5014186e-03
   2.4888069e-03
   2.4730371e-03
   2.4551598e-03
   2.4509749e-03
   2.4415211e-03
   2.4478706e-03
   2.4436890e-03
   2.4447729e-03
   2.4311107e-03
   2.4174452e-03
   2.4016754e-03
   2.3964367e-03
   2.3775056e-03
   2.3796433e-03
   2.3775660e-03
   2.3733810e-03
   2.3618230e-03
   2.3586952e-03
   2.3439726e-03
   2.3345221e-03
   2.3261288e-03
   2.3198396e-03
   2.3135472e-03
   2.3051572e-03
   2.2957100e-03
   2.2873134e-03
   2.2799638e-03
   2.2747284e-03
   2.2726511e-03
   2.2716308e-03
   2.2706072e-03
   2.2653852e-03
   2.2696304e-03
   2.2549144e-03
   2.2475715e-03
   2.2360135e-03
   2.2265531e-03
   2.2023565e-03
   2.2013362e-03
   2.1855664e-03
   2.1729647e-03
   2.1677360e-03
   2.1656619e-03
   2.1530502e-03
   2.1562350e-03
   2.1541509e-03
   2.1478551e-03
   2.1394618e-03
   2.1437037e-03
   2.1321491e-03
   2.1248162e-03
   2.1195808e-03
   2.1269740e-03
   2.1217454e-03
   2.1144058e-03
   2.1038949e-03
   2.0986662e-03
   2.0829031e-03
   2.0692376e-03
   2.0650560e-03
   2.0566660e-03
   2.0503768e-03
   2.0419868e-03
   2.0367548e-03
   2.0346741e-03
   2.0357580e-03
   2.0263076e-03
   2.0231698e-03
   2.0137160e-03
   2.0011075e-03
   1.9916504e-03
   1.9821966e-03
   1.9685344e-03
   1.9643461e-03
   1.9559528e-03
   1.9422939e-03
   1.9338939e-03
   1.9265510e-03
   1.9128888e-03
   1.9065996e-03
   1.9024114e-03
   1.8845374e-03
   1.8803558e-03
   1.8803927e-03
   1.8772615e-03
   1.8751875e-03
   1.8910209e-03
   1.8889436e-03
   1.8784327e-03
   1.8731940e-03
   1.8690057e-03
   1.8542864e-03
   1.8427384e-03
   1.8364559e-03
   1.8227937e-03
   1.8207197e-03
   1.8070575e-03
   1.7954961e-03
   1.7786759e-03
   1.7671213e-03
   1.7597850e-03
   1.7629798e-03
   1.7693293e-03
   1.7746217e-03
   1.7799207e-03
   1.7662619e-03
   1.7568114e-03
   1.7484181e-03
   1.7495053e-03
   1.7463842e-03
   1.7411488e-03
   1.7380244e-03
   1.7254159e-03
   1.7085990e-03
   1.6886142e-03
   1.6781133e-03
   1.6665520e-03
   1.6602662e-03
   1.6539737e-03
   1.6508426e-03
   1.6466576e-03
   1.6382676e-03
   1.6393482e-03
   1.6446473e-03
   1.6436270e-03
   1.6415496e-03
   1.6342034e-03
   1.6300151e-03
   1.6205580e-03
   1.6121547e-03
   1.6079664e-03
   1.6069428e-03
   1.5932806e-03
   1.5912032e-03
   1.5965022e-03
   1.5870551e-03
   1.5765476e-03
   1.5723626e-03
   1.5618651e-03
   1.5439911e-03
   1.5355911e-03
   1.5377288e-03
   1.5314430e-03
   1.5272581e-03
   1.5336076e-03
   1.5346982e-03
   1.5315704e-03
   1.5284392e-03
   1.5284694e-03
   1.5263887e-03
   1.5232575e-03
   1.5127533e-03
   1.5043666e-03
   1.4928053e-03
   1.4801969e-03
   1.4749582e-03
   1.4697228e-03
   1.4708034e-03
   1.4603059e-03
   1.4519125e-03
   1.4414083e-03
   1.4424889e-03
   1.4351393e-03
   1.4351662e-03
   1.4309846e-03
   1.4278568e-03
   1.4163054e-03
   1.4142281e-03
   1.4110969e-03
   1.4048044e-03
   1.4006195e-03
   1.4006497e-03
   1.3922563e-03
   1.3943974e-03
   1.3975789e-03
   1.4018242e-03
   1.4029114e-03
   1.3945181e-03
   1.3808559e-03
   1.3724725e-03
   1.3514406e-03
   1.3335666e-03
   1.3388623e-03
   1.3388958e-03
   1.3336571e-03
   1.3431679e-03
   1.3516283e-03
   1.3516618e-03
   1.3516953e-03
   1.3538330e-03
   1.3528094e-03
   1.3475640e-03
   1.3370565e-03
   1.3286565e-03
   1.3181556e-03
   1.3087118e-03
   1.3045335e-03
   1.2993082e-03
   1.3003955e-03
   1.3004290e-03
   1.2973012e-03
   1.2952204e-03
   1.2920860e-03
   1.2773600e-03
   1.2742255e-03
   1.2658221e-03
   1.2500591e-03
   1.2490321e-03
   1.2416992e-03
   1.2312017e-03
   1.2280705e-03
   1.2302049e-03
   1.2207611e-03
   1.2249997e-03
   1.2187072e-03
   1.2197912e-03
   1.2113945e-03
   1.2061525e-03
   1.2009171e-03
   1.2072699e-03
   1.2009741e-03
   1.2041689e-03
   1.2073604e-03
   1.2073906e-03
   1.1947755e-03
   1.1895468e-03
   1.1906274e-03
   1.1748543e-03
   1.1727803e-03
   1.1749147e-03
   1.1759986e-03
   1.1612793e-03
   1.1571044e-03
   1.1434422e-03
   1.1371564e-03
   1.1245446e-03
   1.1224706e-03
   1.1288167e-03
   1.1330586e-03
   1.1288737e-03
   1.1257459e-03
   1.1289341e-03
   1.1194836e-03
   1.1089794e-03
   1.1058516e-03
   1.1079893e-03
   1.0974884e-03
   1.1027841e-03
   1.1038680e-03
   1.1017907e-03
   1.0881351e-03
   1.0839502e-03
   1.0650291e-03
   1.0587433e-03
   1.0492962e-03
   1.0535315e-03
   1.0493532e-03
   1.0578069e-03
   1.0451951e-03
   1.0389060e-03
   1.0399866e-03
   1.0368555e-03
   1.0295125e-03
   1.0327007e-03
   1.0411544e-03
   1.0295997e-03
   1.0264652e-03
   1.0243879e-03
   1.0244214e-03
   1.0212936e-03
   1.0202733e-03
   1.0213572e-03
   1.0234916e-03
   1.0182563e-03
   1.0066949e-03
   9.9829492e-04
   9.8779069e-04
   9.8571998e-04
   9.8680393e-04
   9.9104920e-04
   9.8686761e-04
   9.9216998e-04
   9.7955821e-04
   9.7853127e-04
   9.6697994e-04
   9.6911433e-04
   9.6387563e-04
   9.6074448e-04
   9.5340158e-04
   9.4710911e-04
   9.4187708e-04
   9.3348374e-04
   9.2929882e-04
   9.2301302e-04
   9.2831539e-04
   9.2729179e-04
   9.2521108e-04
   9.2839590e-04
   9.3158406e-04
   9.3055046e-04
   9.2953019e-04
   9.3061413e-04
   9.2116702e-04
   9.1698876e-04
   9.0544077e-04
   8.9914830e-04
   9.0023558e-04
   9.0343374e-04
   9.0134970e-04
   9.0559830e-04
   9.0247048e-04
   8.9828890e-04
   8.9831573e-04
   8.8887195e-04
   8.8152237e-04
   8.7523657e-04
   8.7105499e-04
   8.5950032e-04
   8.5531207e-04
   8.5007671e-04
   8.4905310e-04
   8.4802283e-04
   8.5542275e-04
   8.6072512e-04
   8.6075196e-04
   8.5656371e-04
   8.4606281e-04
   8.3766947e-04
   8.3980385e-04
   8.3036007e-04
   8.3354822e-04
   8.3147752e-04
   8.3361524e-04
   8.3048076e-04
   8.3683357e-04
   8.3370576e-04
   8.3584347e-04
   8.3692409e-04
   8.3063829e-04
   8.2750714e-04
   8.2754398e-04
   8.3388679e-04
   8.2549344e-04
   8.2763116e-04
   8.3397731e-04
   8.2768484e-04
   8.1401929e-04
   8.1194525e-04
   8.0776366e-04
   7.9937365e-04
   8.0361225e-04
   8.0154154e-04
   7.9735996e-04
   7.8790950e-04
   7.7739861e-04
   7.6058508e-04
   7.5218506e-04
   7.4378505e-04
   7.3644214e-04
   7.3542521e-04
   7.3650248e-04
   7.3758309e-04
   7.3866037e-04
   7.3763677e-04
   7.3661317e-04
   7.3664334e-04
   7.3773062e-04
   7.2723640e-04
   7.2305148e-04
   7.2202454e-04
   7.1678918e-04
   7.0523451e-04
   7.1052688e-04
   7.1583259e-04
   7.1691320e-04
   7.2747444e-04
   7.3065926e-04
   7.2753145e-04
   7.2123565e-04
   7.1916494e-04
   7.1604046e-04
   7.1923862e-04
   7.2243012e-04
   7.2140652e-04
   7.1195606e-04
   7.0460982e-04
   7.0252911e-04
   6.9940130e-04
   7.0153568e-04
   7.0261296e-04
   7.0053225e-04
   6.9635733e-04
   6.9111530e-04
   6.9220258e-04
   6.9223942e-04
   6.9121916e-04
   6.9440398e-04
   6.9864925e-04
   6.9446766e-04
   6.9449783e-04
   6.9242379e-04
   6.9140353e-04
   6.8511773e-04
   6.8830255e-04
   6.8938316e-04
   6.7887893e-04
   6.7153269e-04
   6.6418978e-04
   6.5158468e-04
   6.4634932e-04
   6.5269880e-04
   6.5167520e-04
   6.5802134e-04
   6.5383308e-04
   6.5070527e-04
   6.4652368e-04
   6.4444964e-04
   6.4131850e-04
   6.4135200e-04
   6.3927129e-04
   6.3719058e-04
   6.4037874e-04
   6.3619715e-04
   6.4149286e-04
   6.4258014e-04
   6.4155987e-04
   6.3947916e-04
   6.4582531e-04
   6.3848573e-04
   6.3746213e-04
   6.3854608e-04
   6.3226362e-04
   6.1755763e-04
   6.1758780e-04
   6.0814069e-04
   6.0290199e-04
   6.0082462e-04
   6.0506321e-04
   6.0614716e-04
   6.1038575e-04
   6.1568146e-04
   6.1466119e-04
   6.0837206e-04
   5.9786783e-04
   5.9158203e-04
   5.8108448e-04
   5.7163402e-04
   5.7482218e-04
   5.7169437e-04
   5.6645901e-04
   5.6438497e-04
   5.7388909e-04
   5.7181172e-04
   5.7078478e-04
   5.7923514e-04
   5.8663839e-04
   5.8035259e-04
   5.8354408e-04
   5.8146671e-04
   5.7728512e-04
   5.7204643e-04
   5.6470352e-04
   5.5209508e-04
   5.5740079e-04
   5.4795701e-04
   5.4166787e-04
   5.4696691e-04
   5.4910797e-04
   5.4281550e-04
   5.4494988e-04
   5.4919181e-04
   5.5132286e-04
   5.4503039e-04
   5.4084547e-04
   5.3982854e-04
   5.3037809e-04
   5.1988053e-04
   5.2412579e-04
   5.2520974e-04
   5.2628702e-04
   5.2105833e-04
   5.1687340e-04
   5.1058094e-04
   5.0534558e-04
   4.9799933e-04
   4.9801950e-04
   5.0015722e-04
   4.9597563e-04
   4.9600914e-04
   4.9077378e-04
   4.8870308e-04
   4.9084079e-04
   4.9508273e-04
   4.9194157e-04
   4.9302885e-04
   4.8357840e-04
   4.7307417e-04
   4.6046907e-04
   4.5313616e-04
   4.5211590e-04
   4.5636116e-04
   4.5217958e-04
   4.6273415e-04
   4.6592230e-04
   4.6173405e-04
   4.6176755e-04
   4.6074729e-04
   4.4918929e-04
   4.4605814e-04
   4.3977234e-04
   4.3664119e-04
   4.4088312e-04
   4.4407795e-04
   4.5043076e-04
   4.4308452e-04
   4.3784583e-04
   4.3471468e-04
   4.2421712e-04
   4.1055824e-04
   4.1901860e-04
   4.1694456e-04
   4.1697473e-04
   4.1806201e-04
   4.2651570e-04
   4.3181141e-04
   4.3184158e-04
   4.2555578e-04
   4.2769017e-04
   4.2561279e-04
   4.1616234e-04
   4.1829672e-04
   4.2463620e-04
   4.2992857e-04
   4.2890497e-04
   4.3314690e-04
   4.3107286e-04
   4.2268618e-04
   4.1007774e-04
   4.0378861e-04
   3.9750281e-04
   4.0595983e-04
   4.0809755e-04
   4.1445037e-04
   4.1658475e-04
   4.2503511e-04
   4.1452754e-04
   4.1561149e-04
   4.1879965e-04
   4.2936422e-04
   4.2624307e-04
   4.2732702e-04
   4.2419921e-04
   4.2844114e-04
   4.2847465e-04
   4.3165947e-04
   4.3274341e-04
   4.3276692e-04
   4.1910804e-04
   4.0333494e-04
   3.9178361e-04
   3.8864913e-04
   3.8657842e-04
   3.8766237e-04
   3.8768921e-04
   3.9614623e-04
   3.9407886e-04
   3.9305193e-04
   3.9097455e-04
   3.9100472e-04
   3.8365515e-04
   3.8368198e-04
   3.7949706e-04
   3.8794408e-04
   3.8586671e-04
   3.8484311e-04
   3.8065819e-04
   3.7858748e-04
   3.6177395e-04
   3.5864280e-04
   3.6078052e-04
   3.6292491e-04
   3.6505596e-04
   3.7456676e-04
   3.7671115e-04
   3.7042535e-04
   3.7150596e-04
   3.6942859e-04
   3.6524366e-04
   3.6632094e-04
   3.6318646e-04
   3.5899820e-04
   3.6324347e-04
   3.5800477e-04
   3.5698451e-04
   3.6649864e-04
   3.6547837e-04
   3.6761609e-04
   3.7923444e-04
   3.8348304e-04
   3.8140900e-04
   3.8354005e-04
   3.7935513e-04
   3.7306599e-04
   3.6677352e-04
   3.6258527e-04
   3.6156500e-04
   3.6159851e-04
   3.6057824e-04
   3.5534288e-04
   3.5010419e-04
   3.5223857e-04
   3.5121497e-04
   3.4808049e-04
   3.5442663e-04
   3.5867523e-04
   3.5238610e-04
   3.4819784e-04
   3.5033223e-04
   3.4614730e-04
   3.4722792e-04
   3.5147318e-04
   3.6098398e-04
   3.6627968e-04
   3.7474004e-04
   3.7161223e-04
   3.6427266e-04
   3.5693309e-04
   3.5064395e-04
   3.4751614e-04
   3.3701191e-04
   3.4336139e-04
   3.4023024e-04
   3.3815287e-04
   3.2343355e-04
   3.2557127e-04
   3.1295949e-04
   3.0772080e-04
   2.9932745e-04
   3.0356605e-04
   3.0780798e-04
   3.1100281e-04
   3.1629851e-04
   3.1949000e-04
   3.1636219e-04
   3.1217727e-04
   3.1957718e-04
   3.1434182e-04
   3.2595350e-04
   3.3125587e-04
   3.2707762e-04
   3.1762383e-04
   3.1449269e-04
   3.0082714e-04
   2.9137001e-04
   2.8717842e-04
   2.9142702e-04
   2.9251097e-04
   2.9781334e-04
   2.9995106e-04
   3.0630388e-04
   3.0527694e-04
   2.9266850e-04
   2.7795251e-04
   2.7272049e-04
   2.6748513e-04
   2.6435398e-04
   2.6964635e-04
   2.7388495e-04
   2.8444618e-04
   2.9395365e-04
   2.8660741e-04
   2.8137205e-04
   2.7403247e-04
   2.6142070e-04
   2.5829622e-04
   2.5833306e-04
   2.5836990e-04
   2.6788404e-04
   2.6791754e-04
   2.5846709e-04
   2.6587368e-04
   2.7432737e-04
   2.7119955e-04
   2.8176079e-04
   2.8705649e-04
   2.8603289e-04
   2.8290508e-04
   2.8608990e-04
   2.7980410e-04
   2.9142245e-04
   2.8723419e-04
   2.8831814e-04
   2.7360215e-04
   2.7257188e-04
   2.5996011e-04
   2.5262387e-04
   2.4422385e-04
   2.5478843e-04
   2.4955640e-04
   2.4853947e-04
   2.5593939e-04
   2.6123843e-04
   2.6759124e-04
   2.7920625e-04
   2.7501799e-04
   2.7820615e-04
   2.8560607e-04
   2.7404807e-04
   2.6776227e-04
   2.7516218e-04
   2.7309148e-04
   2.6364436e-04
   2.7842069e-04
   2.8055174e-04
   2.7320883e-04
   2.6796680e-04
   2.7221540e-04
   2.5960697e-04
   2.5859003e-04
   2.6494285e-04
   2.7234276e-04
   2.7658136e-04
   2.8608882e-04
   2.8401145e-04
   2.7771898e-04
   2.6722142e-04
   2.6093562e-04
   2.5464649e-04
   2.5994219e-04
   2.6313369e-04
   2.7896379e-04
   2.7899063e-04
   2.7375193e-04
   2.6219393e-04
   2.5064260e-04
   2.3487284e-04
   2.3384924e-04
   2.3493652e-04
   2.3602714e-04
   2.3605731e-04
   2.4030591e-04
   2.2664370e-04
   2.1508903e-04
   2.1195455e-04
   2.1514270e-04
   2.0358470e-04
   2.0993752e-04
   2.2155253e-04
   2.1631383e-04
   2.1213558e-04
   2.2164304e-04
   2.2272366e-04
   2.2907313e-04
   2.3753349e-04
   2.4177209e-04
   2.4074849e-04
   2.3867778e-04
   2.3554664e-04
   2.3557681e-04
   2.4192295e-04
   2.4827576e-04
   2.5883033e-04
   2.5359831e-04
   2.5468225e-04
   2.4207715e-04
   2.3683512e-04
   2.3476108e-04
   2.3373748e-04
   2.3376765e-04
   2.4223134e-04
   2.3910353e-04
   2.2544132e-04
   2.2230683e-04
   2.2128323e-04
   2.2236051e-04
   2.2660911e-04
   2.3506947e-04
   2.3826430e-04
   2.2986762e-04
   2.1620540e-04
   2.0253985e-04
   1.9624739e-04
   1.9100869e-04
   1.8577000e-04
   1.8895482e-04
   1.8687411e-04
   1.8374630e-04
   1.8694112e-04
   1.8802840e-04
   1.9648543e-04
   2.0073070e-04
   1.9759621e-04
   1.8708865e-04
   1.8606505e-04
   1.8925988e-04
   1.8823294e-04
   1.9880085e-04
   2.0725454e-04
   2.0939226e-04
   2.0415356e-04
   2.0945260e-04
   2.0526435e-04
   2.0529785e-04
   2.0848268e-04
   2.0430442e-04
   2.0117661e-04
   2.0331766e-04
   2.0123695e-04
   2.0759310e-04
   2.0235441e-04
   2.0449213e-04
   2.0136431e-04
   1.9718606e-04
   1.8984315e-04
   2.0040773e-04
   1.9095394e-04
   1.9203788e-04
   1.9206805e-04
   1.9315200e-04
   1.8475199e-04
   1.8794681e-04
   1.8481566e-04
   1.8484584e-04
   1.7539538e-04
   1.7226757e-04
   1.6492466e-04
   1.6601194e-04
   1.7446897e-04
   1.7239159e-04
   1.7242510e-04
   1.7350905e-04
   1.6615947e-04
   1.5144348e-04
   1.5673919e-04
   1.5887357e-04
   1.5995752e-04
   1.6946165e-04
   1.7265314e-04
   1.7268331e-04
   1.7376726e-04
   1.7695541e-04
   1.6856874e-04
   1.6859224e-04
   1.6441065e-04
   1.6233328e-04
   1.6973653e-04
   1.7187092e-04
   1.7190442e-04
   1.7930767e-04
   1.8144873e-04
   1.6883695e-04
   1.6781669e-04
   1.7100484e-04
   1.6893081e-04
   1.6157789e-04
   1.6582649e-04
   1.7217264e-04
   1.7115571e-04
   1.7012877e-04
   1.7437737e-04
   1.7861930e-04
   1.7021929e-04
   1.6708147e-04
   1.6710831e-04
   1.7135024e-04
   1.6716532e-04
   1.6509461e-04
   1.6828610e-04
   1.7042716e-04
   1.5887583e-04
   1.5891267e-04
   1.6947724e-04
   1.6003346e-04
   1.5373765e-04
   1.6008380e-04
   1.5378466e-04
   1.4749552e-04
   1.5806010e-04
   1.5703983e-04
   1.5286158e-04
   1.5921106e-04
   1.5397570e-04
   1.4873033e-04
   1.5507981e-04
   1.5300243e-04
   1.4671664e-04
   1.4675014e-04
   1.4572988e-04
   1.3733653e-04
   1.4263224e-04
   1.4687750e-04
   1.5111943e-04
   1.5115627e-04
   1.5224355e-04
   1.4384687e-04
   1.5230390e-04
   1.5127696e-04
   1.5972732e-04
   1.5764661e-04
   1.5768012e-04
   1.5349519e-04
   1.5563291e-04
   1.5145466e-04
   1.5886125e-04
   1.6626116e-04
   1.5997203e-04
   1.5999887e-04
   1.5792149e-04
   1.5268280e-04
   1.5165920e-04
   1.5169270e-04
   1.3803049e-04
   1.4438330e-04
   1.3703706e-04
   1.2969416e-04
   1.3288231e-04
   1.3712424e-04
   1.2873090e-04
   1.3824503e-04
   1.3932898e-04
   1.4672889e-04
   1.6572032e-04
   1.6890514e-04
   1.6366978e-04
   1.7106636e-04
   1.6372012e-04
   1.5216546e-04
   1.5008808e-04
   1.5643756e-04
   1.5542730e-04
   1.5756502e-04
   1.5443053e-04
   1.6078001e-04
   1.5449088e-04
   1.6083035e-04
   1.6191763e-04
   1.6300158e-04
   1.5670911e-04
   1.6622324e-04
   1.6940807e-04
   1.6522648e-04
   1.7262973e-04
   1.8003298e-04
   1.8321114e-04
   1.7166647e-04
   1.7695884e-04
   1.7909656e-04
   1.7596875e-04
   1.7179050e-04
   1.8234840e-04
   1.7500549e-04
   1.7082057e-04
   1.6873653e-04
   1.7193136e-04
   1.7196153e-04
   1.7726057e-04
   1.8255961e-04
   1.8786532e-04
   1.8683838e-04
   1.8581811e-04
   1.9427180e-04
   1.8903644e-04
   1.8801284e-04
   1.8593547e-04
   1.8596230e-04
   1.8283449e-04
   1.8707642e-04
   1.8921414e-04
   1.9135186e-04
   1.8822405e-04
   1.7877359e-04
   1.7880377e-04
   1.7461551e-04
   1.7674989e-04
   1.8204893e-04
   1.8313288e-04
   1.7895129e-04
   1.7793770e-04
   1.7059812e-04
   1.6009390e-04
   1.6118118e-04
   1.6226179e-04
   1.6018441e-04
   1.6232213e-04
   1.6339941e-04
   1.6764134e-04
   1.6872862e-04
   1.7507476e-04
   1.7299739e-04
   1.7829643e-04
   1.8148459e-04
   1.7835010e-04
   1.7206097e-04
   1.7946422e-04
   1.7317842e-04
   1.7004727e-04
   1.8166562e-04
   1.8695799e-04
   1.9014615e-04
   1.9649229e-04
   1.9546535e-04
   1.8812912e-04
   1.8290043e-04
   1.7661796e-04
   1.6822795e-04
   1.6089171e-04
   1.5564635e-04
   1.5566652e-04
   1.4831694e-04
   1.4413535e-04
   1.4626974e-04
   1.4419570e-04
   1.4738719e-04
   1.5795176e-04
   1.7482897e-04
   1.8433977e-04
   1.8226573e-04
   1.7808748e-04
   1.7284878e-04
   1.6655965e-04
   1.6027385e-04
   1.6556955e-04
   1.5716620e-04
   1.5824681e-04
   1.5406189e-04
   1.4881653e-04
   1.5096092e-04
   1.6258260e-04
   1.5840101e-04
   1.6370005e-04
   1.6478733e-04
   1.6059574e-04
   1.6167635e-04
   1.5854854e-04
   1.5541405e-04
   1.5649467e-04
   1.5652484e-04
   1.5445080e-04
   1.5763896e-04
   1.5134982e-04
   1.5138666e-04
   1.4509753e-04
   1.4302349e-04
   1.4937964e-04
   1.4835937e-04
   1.4628200e-04
   1.5052726e-04
   1.5476586e-04
   1.4320452e-04
   1.4744979e-04
   1.4958751e-04
   1.5488321e-04
   1.5175873e-04
   1.6126953e-04
   1.6235348e-04
   1.6659541e-04
   1.6451804e-04
   1.6243733e-04
   1.5930618e-04
   1.5828258e-04
   1.4777835e-04
   1.4254299e-04
   1.4573448e-04
   1.4576799e-04
   1.4684860e-04
   1.4898632e-04
   1.5112404e-04
   1.4378447e-04
   1.4065332e-04
   1.3331041e-04
   1.3018260e-04
   1.2494057e-04
   1.2812539e-04
   1.3026644e-04
   1.3557215e-04
   1.3664943e-04
   1.3879048e-04
   1.3145425e-04
   1.2621222e-04
   1.2096685e-04
   1.1573149e-04
   1.2102720e-04
   1.2105403e-04
   1.2003377e-04
   1.1690262e-04
   1.1693613e-04
   1.0748567e-04
   1.0224698e-04
   9.3846961e-05
   9.4937576e-05
   9.2860202e-05
   8.2362644e-05
   8.3449924e-05
   8.0318776e-05
   7.2972534e-05
   6.9841386e-05
   7.1975771e-05
   7.3056381e-05
   8.1516741e-05
   8.4708234e-05
   8.7899726e-05
   9.6353417e-05
   1.0059868e-04
   1.0062885e-04
   1.0697500e-04
   1.0595473e-04
   1.0072271e-04
   9.2326026e-05
   8.3936015e-05
   8.1861975e-05
   8.1885478e-05
   8.0855207e-05
   7.8774498e-05
   8.0902213e-05
   7.9875277e-05
   7.4639916e-05
   7.6787640e-05
   7.3659826e-05
   7.5794211e-05
   7.1615959e-05
   7.7968771e-05
   7.9046048e-05
   8.0126659e-05
   7.7005515e-05
   8.5462540e-05
   9.6030446e-05
   9.6060619e-05
   1.0978651e-04
   1.1824354e-04
   1.1194773e-04
   1.0038640e-04
   1.0462833e-04
   9.9396303e-05
   9.7315594e-05
   9.4197784e-05
   1.0160437e-04
   9.8479892e-05
   1.0482937e-04
   9.6429355e-05
   9.9607509e-05
   1.0069145e-04
   1.0071829e-04
   8.8103183e-05
   1.0077864e-04
   1.0081214e-04
   9.7680995e-05
   9.8768276e-05
   1.0617820e-04
   9.9889063e-05
   1.0097634e-04
   1.0838293e-04
   1.0524845e-04
   1.0316774e-04
   9.8979481e-05
   8.6364372e-05
   7.3749263e-05
   7.7994529e-05
   7.8028036e-05
   7.5960666e-05
   8.1259705e-05
   7.4977241e-05
   6.6587230e-05
   6.1355204e-05
   6.3486254e-05
   6.6674412e-05
   7.9343196e-05
   8.2528019e-05
   8.7820389e-05
   9.2062320e-05
   9.3149601e-05
   8.8961344e-05
   9.3203276e-05
   9.9556089e-05
   9.4320728e-05
   9.9619768e-05
   1.1017767e-04
   1.0704319e-04
   9.7586064e-05
   1.0814730e-04
   1.0817414e-04
   1.0083457e-04
   9.6652980e-05
   1.0616044e-04
   1.0619728e-04
   1.0306614e-04
   1.0204254e-04
   1.1366422e-04
   1.1265062e-04
   1.1794299e-04
   1.2745712e-04
   1.3170572e-04
   1.2646703e-04
   1.2438965e-04
   1.1388209e-04
   1.0337453e-04
   1.0129715e-04
   1.0028022e-04
   1.0241127e-04
   1.0665654e-04
   1.1300268e-04
   1.0882109e-04
   1.1200592e-04
   1.1835540e-04
   1.1943934e-04
   1.1631153e-04
   1.2265767e-04
   1.2794671e-04
   1.1849625e-04
   1.1747265e-04
   1.2277503e-04
   1.1648256e-04
   1.0809255e-04
   1.1022693e-04
   1.0604201e-04
   9.4487343e-05
   9.1366199e-05
   8.5080400e-05
   7.6687054e-05
   7.0401255e-05
   6.9370985e-05
   7.0451596e-05
   6.9427995e-05
   7.2622822e-05
   7.7925196e-05
   8.0069585e-05
   7.7992210e-05
   8.3291249e-05
   8.0160101e-05
   7.3864298e-05
   8.1264215e-05
   8.2348161e-05
   7.0790160e-05
   6.5554800e-05
   6.9796731e-05
   6.8769795e-05
   6.3531100e-05
   6.6715923e-05
   6.6746095e-05
   6.6776268e-05
   5.8386256e-05
   6.5796178e-05
   7.3202764e-05
   7.7444695e-05
   8.1693296e-05
   8.4878119e-05
   8.5955395e-05
   8.0716700e-05
   8.3904858e-05
   7.2343522e-05
   6.9219044e-05
   6.5037457e-05
   6.8225615e-05
   6.6151575e-05
   7.0396841e-05
   7.0420344e-05
   6.8346304e-05
   5.7848746e-05
   5.2610051e-05
   5.4744435e-05
   5.5828381e-05
   4.6381262e-05
   5.6945834e-05
   6.1194434e-05
   6.5443035e-05
   6.8634528e-05
   7.8131987e-05
   6.9735307e-05
   7.3973903e-05
   7.0839420e-05
   6.9819154e-05
   7.1960208e-05
   7.8303016e-05
   7.4118095e-05
   6.5728084e-05
   6.1543162e-05
   5.9469122e-05
   5.7395082e-05
   5.9532802e-05
   6.6932718e-05
   6.1694023e-05
   6.1724196e-05
   6.5966127e-05
   6.2834979e-05
   6.1811378e-05
   6.5002870e-05
   6.6086816e-05
   6.2959003e-05
   6.5096722e-05
   6.0911800e-05
   6.6207505e-05
   6.5183904e-05
   5.3625903e-05
   4.8397212e-05
   5.4746690e-05
   5.2672650e-05
   4.9544837e-05
   6.0109409e-05
   6.1180016e-05
   6.0159749e-05
   5.1766403e-05
   5.7058773e-05
   5.3930960e-05
   4.6591388e-05
   3.6083825e-05
   3.9265314e-05
   3.7191274e-05
   4.5644964e-05
   5.5155763e-05
   6.1505241e-05
   6.6807615e-05
   6.3676467e-05
   5.8441107e-05
   6.0578826e-05
   6.1669441e-05
   5.6434081e-05
   5.0144947e-05
   4.8070907e-05
   4.3892655e-05
   4.0758172e-05
   4.2889222e-05
   5.1342912e-05
   5.5578174e-05
   5.5605012e-05
   6.1951155e-05
   6.1984662e-05
   5.9910622e-05
   6.3105449e-05
   6.4186060e-05
   6.2112020e-05
   6.3192631e-05
   6.6384124e-05
   5.6937005e-05
   5.5916738e-05
   5.0681378e-05
   5.2825766e-05
   4.5486194e-05
   4.7620578e-05
   5.1865844e-05
   5.0852247e-05
   4.7721099e-05
   5.0915927e-05
   5.6214966e-05
   4.5710739e-05
   5.2053547e-05
   5.8399691e-05
   5.8423194e-05
   5.1073617e-05
   6.3745736e-05
   5.7453267e-05
   5.8540548e-05
   6.1725371e-05
   6.2812651e-05
   5.3365532e-05
   5.2348600e-05
   4.2898146e-05
   3.0296376e-05
   3.0329883e-05
   3.0363390e-05
   2.9336454e-05
   3.3581720e-05
   4.8354716e-05
   4.5233572e-05
   4.6310849e-05
   5.1613223e-05
   5.2693834e-05
   4.7461808e-05
   5.1700405e-05
   4.7515483e-05
   4.9653202e-05
   4.3364069e-05
   3.9182482e-05
   4.1316866e-05
   4.3457920e-05
   4.2427650e-05
   3.9299836e-05
   3.4064476e-05
   3.3037540e-05
   3.9390353e-05
   3.9420525e-05
   4.5770003e-05
   5.8435453e-05
   5.8468960e-05
   5.6384916e-05
   6.3791502e-05
   7.2241857e-05
   7.6477119e-05
   7.3352641e-05
   6.7066842e-05
   6.7090344e-05
   5.6589452e-05
   4.9249879e-05
   5.3485141e-05
   6.0888393e-05
   4.8286623e-05
   5.1474780e-05
   5.0454514e-05
   4.4168715e-05
   4.6303099e-05
   5.2649243e-05
   5.1632311e-05
   5.0612045e-05
   5.0642217e-05
   4.3305979e-05
   4.4389925e-05
   3.9154565e-05
   4.0238510e-05
   4.2379564e-05
   3.7137534e-05
   2.5582868e-05
   2.2451720e-05
   2.6693652e-05
   2.9878475e-05
   3.5177514e-05
   3.4160582e-05
   3.8409183e-05
   2.6851182e-05
   3.0042675e-05
   2.0592221e-05
   2.0612389e-05
   2.1689665e-05
   2.2776945e-05
   1.1225614e-05
   2.3894398e-05
   3.5516078e-05
   3.6606693e-05
   4.5060384e-05
   4.8245207e-05
   4.9332487e-05
   4.8305551e-05
   5.1490374e-05
   5.6789414e-05
   6.1034680e-05
   5.4738877e-05
   5.2668171e-05
   5.4805891e-05
   4.3247890e-05
   4.5388944e-05
   4.4372012e-05
   4.3348411e-05
   3.7059277e-05
   3.9196996e-05
   3.5005405e-05
   4.5569977e-05
   4.7707696e-05
   4.5633656e-05
   4.3559616e-05
   4.2542685e-05
   3.7307324e-05
   3.7334162e-05
   3.9468546e-05
   4.6871798e-05
   5.4271715e-05
   5.1137232e-05
   4.8012753e-05
   5.4365566e-05
   5.6499950e-05
   5.0207482e-05
   5.3398975e-05
   5.1314931e-05
   4.7130009e-05
   3.9790437e-05
   3.8766835e-05
   2.8262608e-05
   3.1454101e-05
   2.3054085e-05
   2.0973376e-05
   2.2057322e-05
   2.6299253e-05
   3.5806717e-05
   3.7944436e-05
   4.4293914e-05
   3.6947672e-05
   4.6458471e-05
   4.3333992e-05
   4.7579258e-05
   3.7075030e-05
   3.9216084e-05
   3.6088271e-05
   3.5061335e-05
   3.8249493e-05
   4.8814065e-05
   5.7267755e-05
   5.5187046e-05
   4.7847473e-05
   3.9450793e-05
   3.6322979e-05
   2.5825421e-05
   2.3748047e-05
   2.2724446e-05
   3.3292352e-05
   3.4376298e-05
   4.2829988e-05
   5.3397895e-05
   6.1848250e-05
   5.9767541e-05
   6.9275005e-05
   7.2459828e-05
   7.5644651e-05
   7.3573946e-05
   6.9385690e-05
   6.3093221e-05
   5.8914969e-05
   5.3682944e-05
   6.1082860e-05
   6.7442343e-05
   7.0637170e-05
   7.3828663e-05
   8.1228580e-05
   7.8100766e-05
   8.0235151e-05
   7.9211549e-05
   8.2396373e-05
   7.9261890e-05
   8.9829796e-05
   9.6175940e-05
   9.8306989e-05
   1.0149848e-04
   1.0047822e-04
   9.7337063e-05
   9.1047930e-05
   9.4242757e-05
   9.0067840e-05
   9.1151785e-05
   8.4869321e-05
   7.8586857e-05
   6.4927978e-05
   5.8632175e-05
   4.8134617e-05
   3.9741271e-05
   3.5553015e-05
   3.7687400e-05
   4.2989774e-05
   4.4073719e-05
   4.7261877e-05
   5.3611355e-05
   5.4695301e-05
   5.6826351e-05
   5.8954066e-05
   6.3199332e-05
   5.5856425e-05
   4.4298424e-05
   3.5905078e-05
   3.3831038e-05
   3.0706559e-05
   3.7056038e-05
   5.4987019e-05
   5.3966753e-05
   5.7158245e-05
   5.5074201e-05
   5.5101039e-05
   4.0395057e-05
   4.1472333e-05
   3.6240307e-05
   3.4166267e-05
   3.6307321e-05
   4.4757677e-05
   5.3221371e-05
   5.5359090e-05
   6.2762342e-05
   6.2795849e-05
   5.7567158e-05
   5.1274690e-05
   4.9203985e-05
   4.5022398e-05
   5.0311433e-05
   6.2973548e-05
   6.7225483e-05
   7.5675839e-05
   7.7813558e-05
   6.7316000e-05
   6.5235291e-05
   6.2094138e-05
   6.0016764e-05
   6.0046936e-05
   5.9026669e-05
   5.4851752e-05
   5.0670165e-05
   4.9643229e-05
   4.9676736e-05
   5.3911998e-05
   4.4464879e-05
   5.3975677e-05
   5.2952076e-05
   5.0858028e-05
   5.2999082e-05
   6.8825851e-05
   6.0429171e-05
   6.4674437e-05
   5.4183548e-05
   4.4736429e-05
   3.1074216e-05
   3.1107723e-05
   2.1660604e-05
   2.6956308e-05
   3.2248678e-05
   3.9648595e-05
   3.8628329e-05
   4.1819821e-05
   4.2903767e-05
   4.3994382e-05
   4.4031224e-05
   3.7735421e-05
   3.2500060e-05
   3.9899977e-05
   3.7819268e-05
   3.0476361e-05
   3.2614080e-05
   4.0013997e-05
   3.5832410e-05
   3.4808809e-05
   4.3259164e-05
   4.6443988e-05
   4.2259066e-05
   3.8074144e-05
   3.8100982e-05
   3.8134489e-05
   3.9225104e-05
   4.6625021e-05
   4.7715636e-05
   4.6698704e-05
   4.3567556e-05
   5.0964138e-05
   4.4678339e-05
   3.7328763e-05
   4.2617798e-05
   4.1587527e-05
   3.6355502e-05
   2.9012595e-05
   3.4314969e-05
   2.2763638e-05
   1.7531612e-05
   5.9736112e-06
   8.1146650e-06
   6.0339557e-06
   1.2383434e-05
   2.2948006e-05
   3.4569686e-05
   3.8811617e-05
   4.2003110e-05
   3.9925735e-05
   3.0471946e-05
   2.2068596e-05
   1.9994556e-05
   1.4755861e-05
   2.5340442e-05
